445
452
460
465
475
478
479
484
492
494
495
500
505
506
508
515
520
522
524
532
534
541
551
554
561
562
565
571
579
580
588
592
593
599
605
610
611
615
618
622
625
629
631
633
634
637
652
658
661
671
675
679
687
688
691
692
695
709
716
719
726
730
737
741
743
757
766
768
769
779
783
786
798
799
805
807
821
823
828
829
833
834
838
841
842
844
849
850
860
864
866
871
875
900
904
905
907
918
920
926
928
930
934
937
942
949
958
961
974
976
978
979
983
988
1006
1017
1020
1022
1024
1035
1036
1040
1043
1045
1046
1048
1055
1070
1072
1074
1077
1079
1082
1088
1091
1096
1098
1099
1117
1120
1122
1125
1135
1141
1150
1157
1162
1163
1164
1173
1174
1181
1182
1184
1190
1199
1205
1221
1222
1224
1225
1228
1230
1235
1236
1238
1240
1245
1256
1257
1258
1260
1261
1275
1277
1281
1287
1293
1300
1313
1314
1317
1319
1329
1335
1347
1351
1354
1366
1369
1373
1380
1383
1388
1389
1394
1398
1400
1406
1407
1413
1416
1417
1423
1425
1429
1440
1441
1442
1449
1451
1453
1459
1462
1468
1473
1474
1475
1476
1478
1480
1489
1494
1503
1505
1508
1510
1515
1520
1534
1541
1546
1551
1554
1556
1558
1567
1571
1577
1578
1582
1595
1598
1604
1611
1617
1619
1621
1631
1634
1644
1656
1657
1660
1664
1670
1674
1678
1684
1687
1689
1690
1694
1700
1702
1709
1710
1714
1719
1722
1740
1741
1757
1762
1767
1772
1775
1777
1790
1794
1797
1798
1804
1805
1808
1811
1813
1815
1819
1821
1824
1828
1835
1838
1845
1849
1850
1856
1859
1864
1868
1869
1873
1876
1877
1880
1881
1886
1889
1890
1895
1897
1898
1902
1903
1906
1910
1912
1916
1920
1927
1928
1932
1935
1943
1953
1960
1964
1973
1974
1975
1978
1984
1986
1989
2001
2003
2007
2017
2018
2020
2031
2034
2036
2054
2055
2062
2065
2072
2078
2080
2091
2096
2112
2118
2128
2132
2137
2138
2144
2146
2149
2168
2170
2179
2201
2209
2227
2235
2239
2246
2247
2258
2259
2262
2274
2288
2295
2298
2302
2310
2312
2315
2321
2323
2331
2337
2344
2345
2348
2362
2377
2384
2387
2396
2414
2420
2423
2424
2426
2431
2433
2443
2450
2451
2454
2461
2462
2464
2465
2467
2485
2486
2496
2499
2506
2508
2518
2521
2526
2532
2535
2547
2556
2559
2569
2575
2582
2593
2596
2616
2625
2630
2650
2651
2657
2658
2671
2672
2674
2678
2683
2687
2693
2695
2697
2699
2701
2708
2711
2712
2718
2719
2727
2735
2738
2739
2741
2746
2748
2751
2758
2764
2767
2769
2776
2780
2781
2789
2793
2794
2816
2817
2818
2822
2824
2830
2835
2856
2857
2858
2859
2861
2862
2865
2867
2870
2871
2878
2887
2888
2891
2896
2900
2901
2902
2918
2927
2931
2937
