
443
444
446
447
448
449
450
451
453
454
455
456
457
458
459
461
462
463
464
466
467
468
469
470
471
472
473
474
476
477
480
481
482
483
485
486
487
488
489
490
491
493
496
497
498
499
501
502
503
504
507
509
510
511
512
513
514
516
517
518
519
521
523
525
526
527
528
529
530
531
533
535
536
537
538
539
540
542
543
544
545
546
547
548
549
550
552
553
555
556
557
558
559
560
563
564
566
567
568
569
570
572
573
574
575
576
577
578
581
582
583
584
585
586
587
589
590
591
594
595
596
597
598
600
601
602
603
604
606
607
608
609
612
613
614
616
617
619
620
621
623
624
626
627
628
630
632
635
636
638
639
640
641
642
643
644
645
646
647
648
649
650
651
653
654
655
656
657
659
660
662
663
664
665
666
667
668
669
670
672
673
674
676
677
678
680
681
682
683
684
685
686
689
690
693
694
696
697
698
699
700
701
702
703
704
705
706
707
708
710
711
712
713
714
715
717
718
720
721
722
723
724
725
727
728
729
731
732
733
734
735
736
738
739
740
742
744
745
746
747
748
749
750
751
752
753
754
755
756
758
759
760
761
762
763
764
765
767
770
771
772
773
774
775
776
777
778
780
781
782
784
785
787
788
789
790
791
792
793
794
795
796
797
800
801
802
803
804
806
808
809
810
811
812
813
814
815
816
817
818
819
820
822
824
825
826
827
830
831
832
835
836
837
839
840
843
845
846
847
848
851
852
853
854
855
856
857
858
859
861
862
863
865
867
868
869
870
872
873
874
876
877
878
879
880
881
882
883
884
885
886
887
888
889
890
891
892
893
894
895
896
897
898
899
901
902
903
906
908
909
910
911
912
913
914
915
916
917
919
921
922
923
924
925
927
929
931
932
933
935
936
938
939
940
941
943
944
945
946
947
948
950
951
952
953
954
955
956
957
959
960
962
963
964
965
966
967
968
969
970
971
972
973
975
977
980
981
982
984
985
986
987
989
990
991
992
993
994
995
996
997
998
999
1000
1001
1002
1003
1004
1005
1007
1008
1009
1010
1011
1012
1013
1014
1015
1016
1018
1019
1021
1023
1025
1026
1027
1028
1029
1030
1031
1032
1033
1034
1037
1038
1039
1041
1042
1044
1047
1049
1050
1051
1052
1053
1054
1056
1057
1058
1059
1060
1061
1062
1063
1064
1065
1066
1067
1068
1069
1071
1073
1075
1076
1078
1080
1081
1083
1084
1085
1086
1087
1089
1090
1092
1093
1094
1095
1097
1100
1101
1102
1103
1104
1105
1106
1107
1108
1109
1110
1111
1112
1113
1114
1115
1116
1118
1119
1121
1123
1124
1126
1127
1128
1129
1130
1131
1132
1133
1134
1136
1137
1138
1139
1140
1142
1143
1144
1145
1146
1147
1148
1149
1151
1152
1153
1154
1155
1156
1158
1159
1160
1161
1165
1166
1167
1168
1169
1170
1171
1172
1175
1176
1177
1178
1179
1180
1183
1185
1186
1187
1188
1189
1191
1192
1193
1194
1195
1196
1197
1198
1200
1201
1202
1203
1204
1206
1207
1208
1209
1210
1211
1212
1213
1214
1215
1216
1217
1218
1219
1220
1223
1226
1227
1229
1231
1232
1233
1234
1237
1239
1241
1242
1243
1244
1246
1247
1248
1249
1250
1251
1252
1253
1254
1255
1259
1262
1263
1264
1265
1266
1267
1268
1269
1270
1271
1272
1273
1274
1276
1278
1279
1280
1282
1283
1284
1285
1286
1288
1289
1290
1291
1292
1294
1295
1296
1297
1298
1299
1301
1302
1303
1304
1305
1306
1307
1308
1309
1310
1311
1312
1315
1316
1318
1320
1321
1322
1323
1324
1325
1326
1327
1328
1330
1331
1332
1333
1334
1336
1337
1338
1339
1340
1341
1342
1343
1344
1345
1346
1348
1349
1350
1352
1353
1355
1356
1357
1358
1359
1360
1361
1362
1363
1364
1365
1367
1368
1370
1371
1372
1374
1375
1376
1377
1378
1379
1381
1382
1384
1385
1386
1387
1390
1391
1392
1393
1395
1396
1397
1399
1401
1402
1403
1404
1405
1408
1409
1410
1411
1412
1414
1415
1418
1419
1420
1421
1422
1424
1426
1427
1428
1430
1431
1432
1433
1434
1435
1436
1437
1438
1439
1443
1444
1445
1446
1447
1448
1450
1452
1454
1455
1456
1457
1458
1460
1461
1463
1464
1465
1466
1467
1469
1470
1471
1472
1477
1479
1481
1482
1483
1484
1485
1486
1487
1488
1490
1491
1492
1493
1495
1496
1497
1498
1499
1500
1501
1502
1504
1506
1507
1509
1511
1512
1513
1514
1516
1517
1518
1519
1521
1522
1523
1524
1525
1526
1527
1528
1529
1530
1531
1532
1533
1535
1536
1537
1538
1539
1540
1542
1543
1544
1545
1547
1548
1549
1550
1552
1553
1555
1557
1559
1560
1561
1562
1563
1564
1565
1566
1568
1569
1570
1572
1573
1574
1575
1576
1579
1580
1581
1583
1584
1585
1586
1587
1588
1589
1590
1591
1592
1593
1594
1596
1597
1599
1600
1601
1602
1603
1605
1606
1607
1608
1609
1610
1612
1613
1614
1615
1616
1618
1620
1622
1623
1624
1625
1626
1627
1628
1629
1630
1632
1633
1635
1636
1637
1638
1639
1640
1641
1642
1643
1645
1646
1647
1648
1649
1650
1651
1652
1653
1654
1655
1658
1659
1661
1662
1663
1665
1666
1667
1668
1669
1671
1672
1673
1675
1676
1677
1679
1680
1681
1682
1683
1685
1686
1688
1691
1692
1693
1695
1696
1697
1698
1699
1701
1703
1704
1705
1706
1707
1708
1711
1712
1713
1715
1716
1717
1718
1720
1721
1723
1724
1725
1726
1727
1728
1729
1730
1731
1732
1733
1734
1735
1736
1737
1738
1739
1742
1743
1744
1745
1746
1747
1748
1749
1750
1751
1752
1753
1754
1755
1756
1758
1759
1760
1761
1763
1764
1765
1766
1768
1769
1770
1771
1773
1774
1776
1778
1779
1780
1781
1782
1783
1784
1785
1786
1787
1788
1789
1791
1792
1793
1795
1796
1799
1800
1801
1802
1803
1806
1807
1809
1810
1812
1814
1816
1817
1818
1820
1822
1823
1825
1826
1827
1829
1830
1831
1832
1833
1834
1836
1837
1839
1840
1841
1842
1843
1844
1846
1847
1848
1851
1852
1853
1854
1855
1857
1858
1860
1861
1862
1863
1865
1866
1867
1870
1871
1872
1874
1875
1878
1879
1882
1883
1884
1885
1887
1888
1891
1892
1893
1894
1896
1899
1900
1901
1904
1905
1907
1908
1909
1911
1913
1914
1915
1917
1918
1919
1921
1922
1923
1924
1925
1926
1929
1930
1931
1933
1934
1936
1937
1938
1939
1940
1941
1942
1944
1945
1946
1947
1948
1949
1950
1951
1952
1954
1955
1956
1957
1958
1959
1961
1962
1963
1965
1966
1967
1968
1969
1970
1971
1972
1976
1977
1979
1980
1981
1982
1983
1985
1987
1988
1990
1991
1992
1993
1994
1995
1996
1997
1998
1999
2000
2002
2004
2005
2006
2008
2009
2010
2011
2012
2013
2014
2015
2016
2019
2021
2022
2023
2024
2025
2026
2027
2028
2029
2030
2032
2033
2035
2037
2038
2039
2040
2041
2042
2043
2044
2045
2046
2047
2048
2049
2050
2051
2052
2053
2056
2057
2058
2059
2060
2061
2063
2064
2066
2067
2068
2069
2070
2071
2073
2074
2075
2076
2077
2079
2081
2082
2083
2084
2085
2086
2087
2088
2089
2090
2092
2093
2094
2095
2097
2098
2099
2100
2101
2102
2103
2104
2105
2106
2107
2108
2109
2110
2111
2113
2114
2115
2116
2117
2119
2120
2121
2122
2123
2124
2125
2126
2127
2129
2130
2131
2133
2134
2135
2136
2139
2140
2141
2142
2143
2145
2147
2148
2150
2151
2152
2153
2154
2155
2156
2157
2158
2159
2160
2161
2162
2163
2164
2165
2166
2167
2169
2171
2172
2173
2174
2175
2176
2177
2178
2180
2181
2182
2183
2184
2185
2186
2187
2188
2189
2190
2191
2192
2193
2194
2195
2196
2197
2198
2199
2200
2202
2203
2204
2205
2206
2207
2208
2210
2211
2212
2213
2214
2215
2216
2217
2218
2219
2220
2221
2222
2223
2224
2225
2226
2228
2229
2230
2231
2232
2233
2234
2236
2237
2238
2240
2241
2242
2243
2244
2245
2248
2249
2250
2251
2252
2253
2254
2255
2256
2257
2260
2261
2263
2264
2265
2266
2267
2268
2269
2270
2271
2272
2273
2275
2276
2277
2278
2279
2280
2281
2282
2283
2284
2285
2286
2287
2289
2290
2291
2292
2293
2294
2296
2297
2299
2300
2301
2303
2304
2305
2306
2307
2308
2309
2311
2313
2314
2316
2317
2318
2319
2320
2322
2324
2325
2326
2327
2328
2329
2330
2332
2333
2334
2335
2336
2338
2339
2340
2341
2342
2343
2346
2347
2349
2350
2351
2352
2353
2354
2355
2356
2357
2358
2359
2360
2361
2363
2364
2365
2366
2367
2368
2369
2370
2371
2372
2373
2374
2375
2376
2378
2379
2380
2381
2382
2383
2385
2386
2388
2389
2390
2391
2392
2393
2394
2395
2397
2398
2399
2400
2401
2402
2403
2404
2405
2406
2407
2408
2409
2410
2411
2412
2413
2415
2416
2417
2418
2419
2421
2422
2425
2427
2428
2429
2430
2432
2434
2435
2436
2437
2438
2439
2440
2441
2442
2444
2445
2446
2447
2448
2449
2452
2453
2455
2456
2457
2458
2459
2460
2463
2466
2468
2469
2470
2471
2472
2473
2474
2475
2476
2477
2478
2479
2480
2481
2482
2483
2484
2487
2488
2489
2490
2491
2492
2493
2494
2495
2497
2498
2500
2501
2502
2503
2504
2505
2507
2509
2510
2511
2512
2513
2514
2515
2516
2517
2519
2520
2522
2523
2524
2525
2527
2528
2529
2530
2531
2533
2534
2536
2537
2538
2539
2540
2541
2542
2543
2544
2545
2546
2548
2549
2550
2551
2552
2553
2554
2555
2557
2558
2560
2561
2562
2563
2564
2565
2566
2567
2568
2570
2571
2572
2573
2574
2576
2577
2578
2579
2580
2581
2583
2584
2585
2586
2587
2588
2589
2590
2591
2592
2594
2595
2597
2598
2599
2600
2601
2602
2603
2604
2605
2606
2607
2608
2609
2610
2611
2612
2613
2614
2615
2617
2618
2619
2620
2621
2622
2623
2624
2626
2627
2628
2629
2631
2632
2633
2634
2635
2636
2637
2638
2639
2640
2641
2642
2643
2644
2645
2646
2647
2648
2649
2652
2653
2654
2655
2656
2659
2660
2661
2662
2663
2664
2665
2666
2667
2668
2669
2670
2673
2675
2676
2677
2679
2680
2681
2682
2684
2685
2686
2688
2689
2690
2691
2692
2694
2696
2698
2700
2702
2703
2704
2705
2706
2707
2709
2710
2713
2714
2715
2716
2717
2720
2721
2722
2723
2724
2725
2726
2728
2729
2730
2731
2732
2733
2734
2736
2737
2740
2742
2743
2744
2745
2747
2749
2750
2752
2753
2754
2755
2756
2757
2759
2760
2761
2762
2763
2765
2766
2768
2770
2771
2772
2773
2774
2775
2777
2778
2779
2782
2783
2784
2785
2786
2787
2788
2790
2791
2792
2795
2796
2797
2798
2799
2800
2801
2802
2803
2804
2805
2806
2807
2808
2809
2810
2811
2812
2813
2814
2815
2819
2820
2821
2823
2825
2826
2827
2828
2829
2831
2832
2833
2834
2836
2837
2838
2839
2840
2841
2842
2843
2844
2845
2846
2847
2848
2849
2850
2851
2852
2853
2854
2855
2860
2863
2864
2866
2868
2869
2872
2873
2874
2875
2876
2877
2879
2880
2881
2882
2883
2884
2885
2886
2889
2890
2892
2893
2894
2895
2897
2898
2899
2903
2904
2905
2906
2907
2908
2909
2910
2911
2912
2913
2914
2915
2916
2917
2919
2920
2921
2922
2923
2924
2925
2926
2928
2929
2930
2932
2933
2934
2935
2936
2938
